351 809 260 390 
85 66 563 625 814 
861 457 191 302 444 
900 488 479 400 
450 746 364 112 
884 127 274 355 
450 449 685 574 
85 66 563 625 814 463 
695 480 54 470 471 
884 778 22 472 187 667 792 
76 723 100 332 202 285 692 
76 723 100 332 432 291 
695 480 754 129 39 864 167 168 
85 86 48 47 596 
884 99 452 453 442 
76 321 320 
695 225 
900 488 479 400 858 328 295 
450 606 572 
76 723 100 332 331 703 417 
76 785 739 51 50 36 
76 723 100 332 213 246 
450 746 566 173 634 344 744 527 
450 746 566 173 634 789 148 891 
85 66 284 796 20 407 253 81 27 652 2 852 
579 143 765 766 198 518 720 
76 785 739 51 50 36 
76 723 100 332 202 203 
76 723 100 332 587 
900 488 479 400 858 853 880 132 347 
884 250 495 408 305 
884 778 830 
177 117 
76 785 341 582 
85 86 426 613 
85 86 426 4 802 
695 480 56 248 
351 882 881 674 336 843 
85 66 430 860 338 121 144 176 
85 86 303 406 
695 480 754 200 397 
85 86 426 613 164 731 31 379 
351 88 376 329 
884 662 752 550 
900 488 479 400 858 425 
450 746 566 173 97 
695 225 
695 107 580 
884 662 752 550 548 849 
695 774 116 118 
579 143 765 401 
85 66 270 868 
900 17 
900 899 230 
884 127 244 242 
861 783 705 
351 809 260 390 
884 778 22 354 411 678 
900 488 479 400 224 507 
1 577 55 
579 143 765 766 623 
76 785 341 340 477 733 438 
695 480 754 129 39 864 280 
85 66 563 625 814 377 
177 259 
85 66 693 
900 488 479 400 858 82 178 509 
884 778 22 
450 606 94 711 712 
861 457 191 92 663 131 
76 723 100 332 331 111 
85 66 284 796 20 160 552 
76 723 103 465 394 429 428 
450 746 364 640 24 
1 577 578 137 89 308 
450 746 364 60 
177 259 258 
450 746 566 173 634 344 218 846 
900 488 479 400 858 82 178 509 543 
861 457 191 192 
76 785 289 
450 746 364 640 24 
884 662 752 550 721 
884 127 274 355 859 
900 488 479 400 858 328 
76 785 384 492 
884 99 452 
884 127 153 152 53 
450 746 
85 86 706 459 831 
351 399 595 
450 606 94 711 712 642 466 
616 125 845 
884 250 495 15 205 
884 778 22 23 469 599 
85 86 426 613 164 731 31 379 
76 785 341 340 477 733 438 
695 480 754 129 39 568 737 
85 66 284 796 20 160 
85 86 74 77 
85 66 270 
695 480 754 
462 687 69 635 
85 66 530 
76 723 103 644 
177
450 746 566 173 251 387 
900 488 479 400 858 853 880 132 158 159 294 
900 488 479 400 858 853 880 707 564 
900 488 479 400 75 799 
450 746 566 173 634 439 
450 746 566 173 207 279 643 
351 882 3 
228 511 221 793 
462 687 702 120 
85 66 430 860 338 
900 488 479 400 162 
450 746 364 
450 746 364 638 637 699 
85 66 693 154 
695 480 754 200 482 508 
884 127 153 
85 66 430 
884 127 274 355 
85 66 284 796 20 19 389 
85 66 270 868 263 
695 480 754 200 201 
695 480 754 129 39 864 280 281 
900 488 479 400 858 328 295 
462 687 
76 723 100 332 202 203 
900 488 479 
861 457 191 92 663 131 
900 899 230 
900 488 479 400 858 853 738 
884 778 22 
351 882 881 674 336 298 
76 723 100 332 202 203 
450 746 566 173 251 629 838 839 
450 449 685 574 
462 687 769 42 
695 225 
76 321 320 
616 125 845 7 
351 882 215 10 
616 9 842 
85 66 284 796 730 199 
351 399 595 
228 171 
450 606 94 95 516 
351 88 704 
462 687 409 801 404 836 
227 348 822 
76 785 341 340 339 145 
616 9 96 287 
450 746 892 
900 488 479 400 858 82 178 509 
351 882 881 674 
85 86 303 
228 73 133 
450 746 566 173 523 803 26 
695 694 612 611 170 598 
177 259 190 
884 778 22 286 
695 694 612 611 757 758 
85 66 284 796 20 113 775 
900 488 479 400 858 853 393 278 297 
884 662 752 550 548 849 
85 86 426 4 802 91 
450 746 566 173 207 279 
884 127 274 
579 143 765 766 198 518 
450 746 566 173 634 344 
85 66 284 796 20 407 253 823 
85 86 48 47 
227 834 541 234 33 
85 86 426 613 164 731 31 379 
861 457 191 366 
861 457 191 92 663 131 
884 778 22 472 187 188 716 894 128 
85 66 693 
900 488 479 400 858 853 880 659 857 
884 250 495 15 837 
884 778 22 472 187 
1 577 578 854 855 
85 86 74 421 825 
579 265 
450 449 685 574 
450 746 566 173 634 344 875 619 58 
450 746 364 112 
450
85 66 284 796 20 407 253 380 83 
900 17 18 
695 480 754 129 39 864 64 
450 746 566 173 634 344 744 527 804 
450 746 534 
861 457 191 
76 785 341 340 477 733 402 
76 723 570 467 
450 746 364 
579 143 
85 86 426 4 5 760 
579 143 765 766 62 
85 66 284 796 
76 723 100 332 213 
900 488 479 400 858 853 241 
695 480 754 129 436 
861 457 191 302 
85 66 284 283 
85 86 303 661 
695 480 754 129 39 864 167 168 
85 86 74 421 319 
884 127 473 141 655 
450 746 566 173 727 
85 86 706 459 460 
85 86 74 421 319 
76 723 722 
900 488 479 400 858 82 178 395 
228 73 
177 259 356 
861 457 191 92 
85 86 426 613 161 
85 86 426 4 5 760 
884 127 473 709 247 32 245 
227 348 
884 127 
85 66 284 796 764 856 
85 12 701 
900 488 479 400 858 853 241 759 
228 73 133 
1 577 578 137 89 
695 480 754 129 39 864 167 
695 480 56 248 499 
884 778 22 472 187 667 
76 723 100 332 202 203 204 
85 86 74 
85 66 563 
861 268 267 
177
884 778 22 354 196 
900 488 433 
462 687 69 635 867 512 
351 882 881 674 336 843 
76 785 289 728 498 
450 746 566 173 251 629 710 719 
85 66 284 796 730 199 330 
579 143 765 766 62 
884 250 495 15 
85 66 284 796 20 160 552 
450 746 566 173 634 344 218 290 
76 785 341 340 339 
85 66 270 868 217 
884 778 22 23 
85 66 284 796 20 113 775 
177 259 258 422 
228 171 755 
76 785 739 51 50 36 37 194 
884 778 22 472 187 667 
695 480 754 200 222 688 
884 778 22 472 187 667 792 
462 696 535 
76 723 103 465 343 
695 480 54 
351 88 751 750 
85 66 430 773 
695 107 580 609 
695 480 754 129 39 602 334 741 
76 723 100 307 
85 66 284 796 20 407 
884 127 473 141 309 310 
616 9 842 
85 66 284 306 109 
85 66 284 796 730 169 
76 785 739 163 427 
85 66 284 796 764 763 
462 687 409 801 404 403 
227 834 541 237 273 
76 785 341 340 339 501 
900 488 479 400 858 853 241 461 887 
85 66 693 388 
900 488 479 400 75 799 335 
85 86 74 77 
85 86 74 
85 66 284 306 109 
450 746 364 
900 488 479 400 858 82 
579 143 765 401 362 
450 449 685 574 569 725 78 
884 662 752 550 788 874 
884 778 830 848 
228 511 221 793 597 
884 662 752 550 548 849 
177 259 190 147 
85 66 270 
900 488 479 400 162 
861 457 191 192 
900 488 479 172 57 
450 746 566 173 251 629 710 624 317 
695 694 588 
900 488 479 400 858 853 880 707 
450 746 364 640 24 
85 66 284 796 20 160 585 
900 488 479 400 75 799 
85 66 284 796 730 594 
450 746 566 173 251 382 
1 577 578 137 89 308 
85 66 284 796 20 407 253 823 392 
351 882 3 713 
884 778 22 472 187 667 792 
695 480 54 576 
884 99 452 453 
85 66 284 796 764 856 
695 480 754 129 39 864 64 812 
85 86 426 613 164 312 311 
861 783 729 545 130 
884 127 153 152 53 
884 127 231 67 
1 577 578 137 89 
884 778 22 472 187 188 716 894 128 646 
85 86 426 
76 723 100 332 213 246 357 358 
450 746 566 173 251 387 183 
695 480 777 628 
450 746 566 173 251 387 
450 746 566 173 207 279 
450 746 566 173 193 
177 259 190 818 256 889 
450 606 94 711 448 
76 723 100 212 
450 746 566 173 207 279 756 
695 480 56 895 
579 143 765 401 362 
85 66 284 796 20 407 253 81 
884 127 274 355 182 
228 171 
85 86 303 410 
85 86 426 229 618 
695 480 754 129 39 568 737 
351 882 396 
884 127 514 29 
76 723 100 332 202 285 
695 774 116 118 
861 457 191 192 672 
884 127 473 709 247 32 
1 577 578 854 855 
462 687 69 
76 785 739 51 50 
450 746 566 173 634 789 148 
884 778 22 472 187 188 716 894 128 
861 457 191 92 663 131 
85 66 530 418 
884 778 22 472 187 188 716 
351 882 3 505 761 
579 631 219 
450 746 566 173 
579 143 765 766 62 238 794 304 
76 723 570 
900 488 479 400 858 853 586 
616 604 
450 746 566 173 251 629 710 719 781 
861 783 25 
85 86 74 485 
450 606 94 711 448 
351 809 
450 746 566 173 523 803 26 
76 321 320 676 
900 488 479 400 858 853 880 132 158 
85 66 284 796 20 179 
884 778 22 354 80 
1 577 578 854 565 718 
695 225 
579 631 219 
884 127 473 141 309 734 216 
450 746 364 640 24 
900 488 479 400 858 82 178 509 543 
450 606 94 711 448 
450 449 496 497 
884 127 153 152 151 
900 488 479 400 75 799 
462 687 69 635 863 
85 66 284 796 730 
76 723 103 465 394 767 441 817 
450 746 566 173 634 344 744 209 
76 785 341 
884 127 514 
616
462 687 69 635 863 445 
85 66 563 93 
900 488 479 400 858 82 178 509 543 
450 746 566 173 634 344 875 619 58 
177 259 
76 785 739 51 50 
884 127 274 355 
900 488 479 400 224 507 
450 746 566 173 634 344 218 290 
450 606 94 711 
450 746 364 638 639 
85 66 284 796 20 113 
462 687 686 
462 687 69 635 867 512 
351 414 337 684 
695 480 754 129 39 602 669 
351 882 881 674 787 
85 86 426 4 802 91 551 872 581 
85 66 284 796 20 179 561 
450 746 566 173 634 344 218 70 748 
85 12 546 
884 127 473 141 309 549 458 
85 66 530 418 
900 488 479 400 858 853 393 278 297 
884 778 22 
85 66 430 860 338 
450 746 745 
450 746 566 173 207 539 
228 73 
85 66 284 197 850 
450 746 566 173 251 629 710 
85 86 426 525 
227 834 541 237 
85 66 
616 9 842 386 873 
85 66 284 796 20 407 253 380 
450 746 828 262 
884 250 495 15 14 
85 66 530 8 
884 127 274 355 182 
450 746 566 173 251 387 183 
884 127 473 141 309 549 458 
884 127 473 141 309 734 216 349 
695 107 580 
85 66 284 796 20 407 253 81 27 652 2 
450 746 566 173 251 629 710 719 
85 86 426 4 802 91 551 
462 687 769 42 
85 66 284 796 20 407 253 81 27 652 2 437 
462 687 69 635 863 862 
450 746 566 173 251 601 
695 107 770 
85 86 74 537 555 
76 785 384 
351 882 396 208 
450 746 566 173 634 344 155 
579 143 765 766 198 518 720 
884 662 752 550 788 874 736 
85 66 284 101 
884
450 746 566 173 634 415 
85 86 303 406 
695 694 524 714 360 
450 746 364 112 517 
616 9 842 386 
450 746 566 173 
861 457 191 92 
450 746 364 60 61 
884 127 274 355 556 
616 9 842 386 873 
450 746 566 173 207 279 641 786 
884 127 473 141 
85 86 426 613 164 
450 606 
450 449 685 292 
900 488 123 
450 746 566 173 523 803 
450 746 364 640 252 
76 723 100 332 331 491 
695
861 457 191 92 663 
884 127 274 355 859 
85 86 426 613 164 731 31 
900 488 479 400 858 425 
450 606 94 
695 480 754 129 39 864 
695 480 754 129 39 
85 86 426 371 
616 9 842 
351 882 881 674 336 
695 480 
450 746 566 173 634 789 708 
227 834 520 636 
351 882 3 505 
85 66 284 796 20 407 253 81 27 652 2 
450 606 94 711 712 
450 746 566 173 523 803 26 
884 127 514 513 
76 723 100 332 587 
85 66 270 868 263 
351 88 376 
85 66 270 868 263 
861
616 125 845 149 
884 778 22 354 411 
351 882 883 532 
579 143 765 766 198 
884 127 473 709 
177 259 190 147 590 124 
450 746 828 
85 66 563 625 814 463 
450 746 566 173 634 344 875 610 
884 127 473 709 247 32 621 
450 746 566 173 634 344 744 209 
76 785 739 51 50 
85 66 270 868 557 553 
616 617 
85 66 563 625 814 
76 723 103 644 
616 125 645 
351 882 3 505 506 138 
76 723 103 465 394 767 715 
85 86 706 459 648 
450 746 566 173 251 629 838 839 
85 66 284 796 730 199 330 
861 783 25 
76 723 100 332 331 703 
351 882 881 674 787 
579 143 765 743 374 
1 577 578 854 
900 488 479 400 858 82 
884 778 22 354 80 
900 488 479 400 858 853 880 132 
76 785 341 582 
861 783 
450 606 94 711 712 
177 117 
76 785 341 340 339 145 
884 778 22 472 174 
884 99 
76 723 100 332 331 703 417 424 
85 66 284 796 20 160 552 
450 746 566 173 634 344 218 6 
695 480 446 
76 785 739 51 50 49 
884 778 22 472 187 188 716 894 128 807 
351 88 751 
1 577 578 854 565 114 119 571 
85 86 426 4 802 91 551 
884 405 
450 746 566 173 207 279 367 
884 127 473 
900 488 479 400 858 853 880 132 158 
462 687 686 
351 882 881 674 787 
695 480 754 129 39 568 
884 778 22 354 80 791 
76 723 100 332 432 52 38 
579 143 888 
695 480 754 129 39 602 334 741 
76 723 100 332 331 491 
884 127 
85 66 
85 66 284 283 
177 117 
616 9 842 386 
76 723 103 465 394 767 185 
884 778 22 472 187 667 792 
450 449 685 292 650 651 
884 99 452 453 
76 321 
900 488 479 400 224 
695 480 754 398 
450 746 566 173 634 415 547 363 
695 480 54 470 
695 480 754 200 482 435 
76 723 100 332 331 703 417 424 
85 66 270 868 557 
900 488 479 400 75 799 
450 746 566 173 634 344 218 6 
85 66 563 625 
462 687 69 635 867 30 
85 66 284 796 730 594 
450 746 566 173 634 344 875 619 136 
351 88 704 
450 746 364 638 637 699 
884 127 473 141 309 549 749 
351 882 142 
900 488 479 400 858 853 241 461 
695 480 754 129 39 568 
1 577 578 854 565 114 119 
450 746 566 173 207 
1 577 55 
861 457 191 92 663 131 
85 66 430 860 338 121 144 176 
76 385 
695 694 612 611 170 536 
695 480 
85 66 284 796 20 113 775 
1 577 55 46 
861 457 191 192 375 
695 480 56 
695 225 
85 86 303 661 
76 723 100 332 213 575 
1 577 578 137 89 308 
450 449 685 292 383 
695 480 754 129 39 568 737 
695 480 754 129 39 864 64 
85 86 303 410 
462 687 702 120 
450 746 566 173 251 629 697 423 
85 66 284 197 654 342 
450 746 566 173 634 789 148 891 
884 662 
76 723 100 332 432 291 272 
76 723 103 465 394 767 185 
579 143 765 401 819 
462 687 769 42 
462 687 69 635 867 
76 785 739 51 50 36 37 
884 778 22 472 174 
884 250 495 408 826 
695 480 754 200 206 
85 66 430 773 
177 259 190 818 
76 785 341 340 477 476 
76 385 
85 86 426 371 372 
228 134 443 
884 127 244 419 276 
85 66 430 860 338 121 144 176 
884 127 514 
85 86 426 4 802 91 680 
351 882 396 208 
884 127 231 
695 694 612 611 170 
450 746 364 640 252 690 691 
85 66 693 510 
85 66 430 860 338 
450 449 685 292 650 651 
695 480 754 129 39 864 280 840 583 
227
177 117 
85 66 563 504 
884 778 22 354 80 791 870 
1 577 578 854 565 832 
85 66 430 860 338 121 144 
695 226 
450 746 364 214 
76 723 100 332 331 
76 723 100 332 331 491 
177 259 190 147 590 124 
85 66 270 
695 480 754 200 201 296 
616 125 845 149 
85 66 284 796 20 407 253 81 27 652 2 852 
884 127 473 
351 88 376 
76 785 739 51 50 36 
884 127 231 67 
85 86 303 410 
85 86 426 4 802 91 680 
76 785 341 340 477 373 
884 127 514 29 
579 143 888 
695 480 54 470 471 
76 723 100 332 213 
85 66 284 197 654 
450 746 364 60 61 
884 127 153 152 
884 778 22 472 187 188 716 894 
462 687 769 
900 488 479 400 858 853 880 132 347 
85 66 270 868 557 
884 99 452 453 442 
695 480 754 129 39 864 280 840 583 
900 488 479 172 57 
450 746 566 173 97 98 562 528 
884 250 495 15 
76 723 100 332 432 
228 511 221 
450 606 658 
228
85 66 284 796 730 199 
85 66 270 735 
579 143 765 766 62 
85 66 563 625 814 377 378 782 
900 488 479 400 858 82 434 
579
884 250 495 408 
85 66 284 796 20 407 253 380 
884 778 22 23 
1 577 578 137 89 308 
450 746 566 173 207 279 367 
462 687 686 
85 66 563 625 814 377 378 
227 348 822 
450 746 566 173 207 279 367 490 
76 723 100 332 432 52 
695 480 754 753 
861 783 729 
76 723 722 
85 66 284 796 20 407 253 
177 259 190 147 590 124 
616 125 845 
884 127 473 141 309 
450 746 828 262 
900 488 479 519 327 261 
900 488 433 
616 125 845 149 
450 746 364 365 
450 746 364 112 517 
900 488 479 519 327 689 
450 746 566 173 207 539 
351 882 142 72 
1 577 578 854 565 114 119 
85 86 706 459 
76 723 100 332 432 52 38 
884 778 22 286 
861 457 191 92 663 189 
450 538 
884 778 22 472 187 188 716 894 
695 694 612 611 757 
450 449 685 574 569 725 
1 577 578 854 565 718 
695 694 524 833 318 
85 66 563 504 
695 480 54 470 471 
884 778 22 354 80 791 870 
462 687 69 635 867 30 
695 480 754 200 482 481 
695 694 612 611 
85 66 284 796 20 407 253 81 27 652 2 852 
900 488 479 400 858 853 880 659 857 
450 746 566 173 634 344 744 527 670 
884 778 830 848 
462 687 769 
85 86 74 421 825 
450 746 566 173 251 387 
450 449 685 574 569 725 
76 723 103 465 
884 778 22 354 80 
351 882 883 
450 746 364 640 
450 746 566 173 251 629 
695 694 612 611 757 758 
450 746 566 173 634 344 218 
900 488 479 400 858 853 586 
450 746 566 173 634 415 
616 9 106 810 239 
85 12 701 
900 488 479 400 858 853 241 759 815 816 
884 778 830 848 
351 882 215 
884 127 514 513 
450 746 364 112 
450 746 566 173 207 279 367 487 
695 480 754 129 39 864 280 840 583 
227 348 822 
450 746 566 173 634 344 218 70 
450 746 566 173 97 98 
351 414 337 684 
900 488 479 400 858 82 178 509 
462 687 69 635 867 780 898 
695 480 56 
884 778 22 472 187 188 716 894 128 646 
76 723 100 307 
900 488 479 519 327 
450 449 685 664 
579 143 765 743 
884 778 22 472 
85 66 284 796 20 
579 631 219 
884 127 473 141 309 
85 86 74 421 319 
450 746 566 173 634 344 744 527 804 
900 488 479 519 327 261 
884 778 22 472 187 188 716 
351 882 3 713 
450 746 364 60 61 
1 577 55 46 146 
884 127 153 152 151 
884 250 495 494 
85 66 430 860 
861 457 474 
695 480 754 129 39 864 280 840 
900 488 479 400 858 853 241 
227 834 541 234 33 
695 480 754 200 201 296 
76 723 103 465 394 767 784 
85 86 303 661 
85 66 270 868 557 553 768 
351 882 396 
884 127 274 806 34 
177 259 190 147 590 124 
450 746 566 173 251 629 710 624 
695 480 754 200 482 508 
1 577 578 
85 86 426 371 
85 86 426 4 5 
450 746 566 173 634 344 744 527 670 
450 746 828 
884 127 473 141 309 549 749 
85 66 
695 694 612 611 170 598 515 
351 882 881 674 243 740 
85 86 74 537 724 68 
450 746 566 173 634 439 
76 723 100 332 213 575 732 
1 577 55 
900 488 479 519 327 
450 746 566 173 251 629 710 624 
450 746 364 638 639 486 
228 511 221 793 597 
695 694 612 
900 488 479 400 858 853 393 
884 778 22 472 657 
450 449 685 574 
85 66 284 796 20 407 253 380 83 
462 687 409 801 404 403 
450 746 566 173 251 601 
85 66 270 735 
177 259 258 
450 746 364 638 639 232 
579 143 765 743 374 
76 785 341 340 339 145 
462 696 
76 785 739 51 50 36 37 
1 577 578 854 565 114 119 571 
76 785 739 51 50 36 37 194 
76 723 100 332 
85 66 284 796 20 407 253 823 271 
884 662 752 550 282 
450 746 566 173 634 344 875 610 
884 127 244 419 276 277 
351 882 396 301 
76 723 103 465 394 767 185 
450 746 364 60 877 
85 86 426 613 164 312 311 554 
695 480 754 129 436 772 
900 488 479 400 858 853 393 278 
85 86 426 613 161 71 
450 746 566 173 634 439 
695 480 754 200 397 
884 127 473 141 309 734 216 
85 66 284 796 20 160 585 
85 86 74 485 
695 480 777 
884 127 473 141 309 734 
450 606 94 711 712 
85 86 426 613 560 87 
695 480 754 129 39 602 669 
884 662 752 
85 86 426 613 
351 882 396 
228 73 
76 723 100 332 432 52 38 
177 259 190 818 
884 127 514 29 
861 783 705 865 
450 746 566 673 
579 143 765 766 198 518 720 
351 240 333 
900 488 479 400 224 507 
450 746 364 638 637 699 
884 250 495 
884 127 244 242 
76 723 100 332 213 246 357 358 
450 746 566 173 634 344 875 610 726 
85 86 48 47 596 
884 127 473 141 309 734 216 349 
85 86 426 613 896 622 139 
695 694 612 611 
695 694 524 
85 66 270 735 
462 687 409 801 404 836 
884 250 495 494 589 
351 809 260 
884 250 495 494 
450 606 94 95 516 
228 134 
861 457 65 
76 723 100 332 331 703 417 424 
351 88 751 
351 882 
85 66 693 388 
85 66 284 796 20 407 253 823 271 
900 488 300 150 
1 577 55 46 146 
76 785 341 340 477 733 402 
85 66 530 
177 117 
228 824 
695 480 777 43 
76 785 341 340 339 
351 882 881 674 
228 824 475 
76 785 739 51 50 
85 66 284 796 20 19 389 
695 480 754 129 39 864 280 840 
450 449 496 497 
884 127 473 141 309 549 458 
85 66 284 306 109 
861 783 729 
900 488 479 400 858 853 393 278 297 
884 250 495 408 
884 250 495 408 826 666 
85 66 270 868 263 
76 785 289 728 498 45 
861 457 110 
85 66 284 796 730 
351 240 
85 66 284 796 20 407 253 380 484 
450 746 566 173 634 344 218 
450 449 685 664 
450 746 364 638 639 
900 488 479 400 858 82 178 509 543 
227 834 541 234 
695 480 754 129 39 864 280 840 583 
695 480 56 
85 66 284 796 20 407 253 40 
884 778 22 354 
85 86 426 371 
1
85 66 563 625 814 463 
76 723 103 
85 86 48 47 
85 66 284 796 20 407 253 81 27 
900 488 479 519 
76 723 100 332 202 285 
884 250 
1 577 578 137 89 308 
450 746 566 173 634 344 
76 785 341 340 
900 17 18 897 
76 385 
76 723 100 332 331 703 417 
861 457 191 92 663 131 
450 746 566 173 251 
861 783 729 
884 778 22 472 174 
450 746 566 173 207 35 
351 809 260 390 105 
884 127 244 419 276 
351 882 3 505 506 
884 127 274 355 
85 86 426 4 802 91 326 
861 457 191 366 
85 86 74 537 555 
450 746 566 173 634 344 218 233 
450 746 566 173 251 629 697 423 
1 577 578 137 89 
450 746 828 
462 687 69 635 
351 882 396 
450 746 566 173 207 279 643 
351 399 595 
85 66 284 796 730 594 
579 143 765 766 62 
351 882 881 674 243 740 
695 480 754 200 482 435 
85 86 426 613 161 71 
884 127 473 141 655 
695 480 754 129 39 568 737 493 
450 538 630 
900 488 479 400 858 82 178 509 
450 449 685 292 383 
1 577 578 854 565 832 
76 723 100 332 432 52 38 
884 778 22 354 80 
351 882 881 674 787 
228 511 221 793 597 489 
85 66 284 796 20 19 175 
884 250 495 
85 66 284 306 
616 9 106 810 
228 824 370 
228
462 696 535 
85 66 563 615 
450 746 566 173 207 279 367 487 
450 746 566 173 634 344 218 233 
85 86 426 613 161 
85 86 426 4 802 
450 746 566 173 207 279 641 
616 9 106 810 239 
884 778 22 354 411 
76 723 722 
695 107 580 609 
695 480 754 200 
177 559 
884 99 452 453 442 
85 86 426 613 164 
76 785 384 492 
85 86 426 613 164 312 311 
900 488 479 400 858 104 
884 778 830 848 
695 694 524 833 
76 723 100 332 331 703 869 
85 86 426 229 618 
884 250 495 494 
579 143 765 766 62 238 794 
85 66 270 868 217 220 
695 694 
76 723 100 332 
695 694 612 611 170 598 515 
579
228 73 
227 348 
695 480 754 129 39 531 478 
450 746 566 173 634 344 744 
900 488 479 400 858 82 178 509 543 
900 488 300 150 
