0 390 
0 814 
0 444 
0 400 
0 112 
0 355 
0 574 
0 463 
0 471 
0 792 
0 692 
0 291 
0 168 
0 596 
0 442 
0 320 
0 225 
0 295 
0 572 
0 417 
0 36 
0 246 
0 527 
0 891 
0 852 
0 720 
0 36 
0 203 
0 587 
0 347 
0 305 
0 830 
0 117 
0 582 
0 613 
0 802 
0 248 
0 843 
0 176 
0 406 
0 397 
0 379 
0 329 
0 550 
0 425 
0 97 
0 225 
0 580 
0 849 
0 118 
0 401 
0 868 
0 17 
0 230 
0 242 
0 705 
0 390 
0 678 
0 507 
0 55 
0 623 
0 438 
0 280 
0 377 
0 259 
0 693 
0 509 
0 22 
0 712 
0 131 
0 111 
0 552 
0 428 
0 24 
0 308 
0 60 
0 258 
0 846 
0 543 
0 192 
0 289 
0 24 
0 721 
0 859 
0 328 
0 492 
0 452 
0 53 
0 746 
0 831 
0 595 
0 466 
0 845 
0 205 
0 599 
0 379 
0 438 
0 737 
0 160 
0 77 
0 270 
0 754 
0 635 
0 530 
0 644 
177
0 387 
0 294 
0 564 
0 799 
0 439 
0 643 
0 3 
0 793 
0 120 
0 338 
0 162 
0 364 
0 699 
0 154 
0 508 
0 153 
0 430 
0 355 
0 389 
0 263 
0 201 
0 281 
0 295 
0 687 
0 203 
0 479 
0 131 
0 230 
0 738 
0 22 
0 298 
0 203 
0 839 
0 574 
0 42 
0 225 
0 320 
0 7 
0 10 
0 842 
0 199 
0 595 
0 171 
0 516 
0 704 
0 836 
0 822 
0 145 
0 287 
0 892 
0 509 
0 674 
0 303 
0 133 
0 26 
0 598 
0 190 
0 286 
0 758 
0 775 
0 297 
0 849 
0 91 
0 279 
0 274 
0 518 
0 344 
0 823 
0 47 
0 33 
0 379 
0 366 
0 131 
0 128 
0 693 
0 857 
0 837 
0 187 
0 855 
0 825 
0 265 
0 574 
0 58 
0 112 
450
0 83 
0 18 
0 64 
0 804 
0 534 
0 191 
0 402 
0 467 
0 364 
0 143 
0 760 
0 62 
0 796 
0 213 
0 241 
0 436 
0 302 
0 283 
0 661 
0 168 
0 319 
0 655 
0 727 
0 460 
0 319 
0 722 
0 395 
0 73 
0 356 
0 92 
0 161 
0 760 
0 245 
0 348 
0 127 
0 856 
0 701 
0 759 
0 133 
0 89 
0 167 
0 499 
0 667 
0 204 
0 74 
0 563 
0 267 
177
0 196 
0 433 
0 512 
0 843 
0 498 
0 719 
0 330 
0 62 
0 15 
0 552 
0 290 
0 339 
0 217 
0 23 
0 775 
0 422 
0 755 
0 194 
0 667 
0 688 
0 792 
0 535 
0 343 
0 54 
0 750 
0 773 
0 609 
0 741 
0 307 
0 407 
0 310 
0 842 
0 109 
0 169 
0 427 
0 763 
0 403 
0 273 
0 501 
0 887 
0 388 
0 335 
0 77 
0 74 
0 109 
0 364 
0 82 
0 362 
0 78 
0 874 
0 848 
0 597 
0 849 
0 147 
0 270 
0 162 
0 192 
0 57 
0 317 
0 588 
0 707 
0 24 
0 585 
0 799 
0 594 
0 382 
0 308 
0 392 
0 713 
0 792 
0 576 
0 453 
0 856 
0 812 
0 311 
0 130 
0 53 
0 67 
0 89 
0 646 
0 426 
0 358 
0 183 
0 628 
0 387 
0 279 
0 193 
0 889 
0 448 
0 212 
0 756 
0 895 
0 362 
0 81 
0 182 
0 171 
0 410 
0 618 
0 737 
0 396 
0 29 
0 285 
0 118 
0 672 
0 32 
0 855 
0 69 
0 50 
0 148 
0 128 
0 131 
0 418 
0 716 
0 761 
0 219 
0 173 
0 304 
0 570 
0 586 
0 604 
0 781 
0 25 
0 485 
0 448 
0 809 
0 26 
0 676 
0 158 
0 179 
0 80 
0 718 
0 225 
0 219 
0 216 
0 24 
0 543 
0 448 
0 497 
0 151 
0 799 
0 863 
0 730 
0 817 
0 209 
0 341 
0 514 
616
0 445 
0 93 
0 543 
0 58 
0 259 
0 50 
0 355 
0 507 
0 290 
0 711 
0 639 
0 113 
0 686 
0 512 
0 684 
0 669 
0 787 
0 581 
0 561 
0 748 
0 546 
0 458 
0 418 
0 297 
0 22 
0 338 
0 745 
0 539 
0 73 
0 850 
0 710 
0 525 
0 237 
0 66 
0 873 
0 380 
0 262 
0 14 
0 8 
0 182 
0 183 
0 458 
0 349 
0 580 
0 2 
0 719 
0 551 
0 42 
0 437 
0 862 
0 601 
0 770 
0 555 
0 384 
0 208 
0 155 
0 720 
0 736 
0 101 
884
0 415 
0 406 
0 360 
0 517 
0 386 
0 173 
0 92 
0 61 
0 556 
0 873 
0 786 
0 141 
0 164 
0 606 
0 292 
0 123 
0 803 
0 252 
0 491 
695
0 663 
0 859 
0 31 
0 425 
0 94 
0 864 
0 39 
0 371 
0 842 
0 336 
0 480 
0 708 
0 636 
0 505 
0 2 
0 712 
0 26 
0 513 
0 587 
0 263 
0 376 
0 263 
861
0 149 
0 411 
0 532 
0 198 
0 709 
0 124 
0 828 
0 463 
0 610 
0 621 
0 209 
0 50 
0 553 
0 617 
0 814 
0 644 
0 645 
0 138 
0 715 
0 648 
0 839 
0 330 
0 25 
0 703 
0 787 
0 374 
0 854 
0 82 
0 80 
0 132 
0 582 
0 783 
0 712 
0 117 
0 145 
0 174 
0 99 
0 424 
0 552 
0 6 
0 446 
0 49 
0 807 
0 751 
0 571 
0 551 
0 405 
0 367 
0 473 
0 158 
0 686 
0 787 
0 568 
0 791 
0 38 
0 888 
0 741 
0 491 
0 127 
0 66 
0 283 
0 117 
0 386 
0 185 
0 792 
0 651 
0 453 
0 321 
0 224 
0 398 
0 363 
0 470 
0 435 
0 424 
0 557 
0 799 
0 6 
0 625 
0 30 
0 594 
0 136 
0 704 
0 699 
0 749 
0 142 
0 461 
0 568 
0 119 
0 207 
0 55 
0 131 
0 176 
0 385 
0 536 
0 480 
0 775 
0 46 
0 375 
0 56 
0 225 
0 661 
0 575 
0 308 
0 383 
0 737 
0 64 
0 410 
0 120 
0 423 
0 342 
0 891 
0 662 
0 272 
0 185 
0 819 
0 42 
0 867 
0 37 
0 174 
0 826 
0 206 
0 773 
0 818 
0 476 
0 385 
0 372 
0 443 
0 276 
0 176 
0 514 
0 680 
0 208 
0 231 
0 170 
0 691 
0 510 
0 338 
0 651 
0 583 
227
0 117 
0 504 
0 870 
0 832 
0 144 
0 226 
0 214 
0 331 
0 491 
0 124 
0 270 
0 296 
0 149 
0 852 
0 473 
0 376 
0 36 
0 67 
0 410 
0 680 
0 373 
0 29 
0 888 
0 471 
0 213 
0 654 
0 61 
0 152 
0 894 
0 769 
0 347 
0 557 
0 442 
0 583 
0 57 
0 528 
0 15 
0 432 
0 221 
0 658 
228
0 199 
0 735 
0 62 
0 782 
0 434 
579
0 408 
0 380 
0 23 
0 308 
0 367 
0 686 
0 378 
0 822 
0 490 
0 52 
0 753 
0 729 
0 722 
0 253 
0 124 
0 845 
0 309 
0 262 
0 261 
0 433 
0 149 
0 365 
0 517 
0 689 
0 539 
0 72 
0 119 
0 459 
0 38 
0 286 
0 189 
0 538 
0 894 
0 757 
0 725 
0 718 
0 318 
0 504 
0 471 
0 870 
0 30 
0 481 
0 611 
0 852 
0 857 
0 670 
0 848 
0 769 
0 825 
0 387 
0 725 
0 465 
0 80 
0 883 
0 640 
0 629 
0 758 
0 218 
0 586 
0 415 
0 239 
0 701 
0 816 
0 848 
0 215 
0 513 
0 112 
0 487 
0 583 
0 822 
0 70 
0 98 
0 684 
0 509 
0 898 
0 56 
0 646 
0 307 
0 327 
0 664 
0 743 
0 472 
0 20 
0 219 
0 309 
0 319 
0 804 
0 261 
0 716 
0 713 
0 61 
0 146 
0 151 
0 494 
0 860 
0 474 
0 840 
0 241 
0 33 
0 296 
0 784 
0 661 
0 768 
0 396 
0 34 
0 124 
0 624 
0 508 
0 578 
0 371 
0 5 
0 670 
0 828 
0 749 
0 66 
0 515 
0 740 
0 68 
0 439 
0 732 
0 55 
0 327 
0 624 
0 486 
0 597 
0 612 
0 393 
0 657 
0 574 
0 83 
0 403 
0 601 
0 735 
0 258 
0 232 
0 374 
0 145 
0 696 
0 37 
0 571 
0 194 
0 332 
0 271 
0 282 
0 610 
0 277 
0 301 
0 185 
0 877 
0 554 
0 772 
0 278 
0 71 
0 439 
0 397 
0 216 
0 585 
0 485 
0 777 
0 734 
0 712 
0 87 
0 669 
0 752 
0 613 
0 396 
0 73 
0 38 
0 818 
0 29 
0 865 
0 673 
0 720 
0 333 
0 507 
0 699 
0 495 
0 242 
0 358 
0 726 
0 596 
0 349 
0 139 
0 611 
0 524 
0 735 
0 836 
0 589 
0 260 
0 494 
0 516 
0 134 
0 65 
0 424 
0 751 
0 882 
0 388 
0 271 
0 150 
0 146 
0 402 
0 530 
0 117 
0 824 
0 43 
0 339 
0 674 
0 475 
0 50 
0 389 
0 840 
0 497 
0 458 
0 109 
0 729 
0 297 
0 408 
0 666 
0 263 
0 45 
0 110 
0 730 
0 240 
0 484 
0 218 
0 664 
0 639 
0 543 
0 234 
0 583 
0 56 
0 40 
0 354 
0 371 
1
0 463 
0 103 
0 47 
0 27 
0 519 
0 285 
0 250 
0 308 
0 344 
0 340 
0 897 
0 385 
0 417 
0 131 
0 251 
0 729 
0 174 
0 35 
0 105 
0 276 
0 506 
0 355 
0 326 
0 366 
0 555 
0 233 
0 423 
0 89 
0 828 
0 635 
0 396 
0 643 
0 595 
0 594 
0 62 
0 740 
0 435 
0 71 
0 655 
0 493 
0 630 
0 509 
0 383 
0 832 
0 38 
0 80 
0 787 
0 489 
0 175 
0 495 
0 306 
0 810 
0 370 
228
0 535 
0 615 
0 487 
0 233 
0 161 
0 802 
0 641 
0 239 
0 411 
0 722 
0 609 
0 200 
0 559 
0 442 
0 164 
0 492 
0 311 
0 104 
0 848 
0 833 
0 869 
0 618 
0 494 
0 794 
0 220 
0 694 
0 332 
0 515 
579
0 73 
0 348 
0 478 
0 744 
0 543 
0 150 
